Model: C:\Users\prack\Documents\GitHub\technobot\Motorhalterung_Groß\MOTORHALTERUNG_GROß
Number of parts: 5
Number of frames: 101
MaFrame 0
Part: 1 (47)
  1.000000000000e+00  0.000000000000e+00  0.000000000000e+00
  0.000000000000e+00  1.000000000000e+00  0.000000000000e+00
  0.000000000000e+00  0.000000000000e+00  1.000000000000e+00
  0.000000000000e+00  0.000000000000e+00  0.000000000000e+00
Part: 1 (56)
  1.000000000000e+00  0.000000000000e+00  0.000000000000e+00
  0.000000000000e+00  1.000000000000e+00  0.000000000000e+00
  0.000000000000e+00  0.000000000000e+00  1.000000000000e+00
  1.000000000000e-20 -1.850000000000e+01  1.000000000000e-20
Part: 1 (61)
  1.000000000000e+00  0.000000000000e+00  0.000000000000e+00
  0.000000000000e+00  1.000000000000e+00  0.000000000000e+00
  0.000000000000e+00  0.000000000000e+00  1.000000000000e+00
  1.000000000000e-20  2.850000000000e+01  1.000000000000e-20
Part: 1 (66)
 -2.220446049250e-16 -1.000000000000e+00 -5.551115123126e-17
 -6.427876096865e-01  2.220446049250e-16 -7.660444431190e-01
  7.660444431190e-01 -5.551115123126e-17 -6.427876096865e-01
  2.165000000000e+01  4.300000000000e+01  0.000000000000e+00
Part: 1 (93)
  4.440892098501e-16 -1.000000000000e+00  0.000000000000e+00
  1.000000000000e+00  4.440892098501e-16  0.000000000000e+00
  0.000000000000e+00  0.000000000000e+00  1.000000000000e+00
 -2.165000000000e+01  4.300000000000e+01  1.000000000107e-20
Part: 1 (76)
  1.000000000000e+00  0.000000000000e+00  0.000000000000e+00
  0.000000000000e+00  1.000000000000e+00  0.000000000000e+00
  0.000000000000e+00  0.000000000000e+00  1.000000000000e+00
  2.165000000000e+01 -3.165000000000e+01  1.000000000000e-20
Part: 1 (95)
  1.000000000000e+00  0.000000000000e+00  0.000000000000e+00
  0.000000000000e+00  1.000000000000e+00  0.000000000000e+00
  0.000000000000e+00  0.000000000000e+00  1.000000000000e+00
 -2.165000000000e+01 -3.165000000000e+01  1.000000000000e-20
MaFrame 1
Part: 1 (47)
  1.000000000000e+00  0.000000000000e+00  0.000000000000e+00
  0.000000000000e+00  1.000000000000e+00  0.000000000000e+00
  0.000000000000e+00  0.000000000000e+00  1.000000000000e+00
  0.000000000000e+00  0.000000000000e+00  0.000000000000e+00
Part: 1 (56)
  1.000000000000e+00  0.000000000000e+00  0.000000000000e+00
  0.000000000000e+00  1.000000000000e+00  0.000000000000e+00
  0.000000000000e+00  0.000000000000e+00  1.000000000000e+00
  1.000000000000e-20 -1.850000000000e+01  1.000000000000e-20
Part: 1 (61)
  1.000000000000e+00  0.000000000000e+00  0.000000000000e+00
  0.000000000000e+00  1.000000000000e+00  0.000000000000e+00
  0.000000000000e+00  0.000000000000e+00  1.000000000000e+00
  1.000000000000e-20  2.840000000000e+01  1.000000000000e-20
Part: 1 (66)
 -2.220446049250e-16 -1.000000000000e+00 -5.551115123126e-17
 -6.287158741441e-01  0.000000000000e+00 -7.776351005447e-01
  7.776351005447e-01 -5.551115123126e-17 -6.287158741441e-01
  2.165000000000e+01  4.260000000000e+01  1.000000000000e-22
Part: 1 (93)
  4.440892098501e-16 -1.000000000000e+00  0.000000000000e+00
  1.000000000000e+00  4.440892098501e-16  0.000000000000e+00
  0.000000000000e+00  0.000000000000e+00  1.000000000000e+00
 -2.165000000000e+01  4.260000000000e+01  1.000000000106e-20
Part: 1 (76)
  1.000000000000e+00  0.000000000000e+00  0.000000000000e+00
  0.000000000000e+00  1.000000000000e+00  0.000000000000e+00
  0.000000000000e+00  0.000000000000e+00  1.000000000000e+00
  2.165000000000e+01 -3.155000000000e+01  1.000000000000e-20
Part: 1 (95)
  1.000000000000e+00  0.000000000000e+00  0.000000000000e+00
  0.000000000000e+00  1.000000000000e+00  0.000000000000e+00
  0.000000000000e+00  0.000000000000e+00  1.000000000000e+00
 -2.165000000000e+01 -3.155000000000e+01  1.000000000000e-20
MaFrame 2
Part: 1 (47)
  1.000000000000e+00  0.000000000000e+00  0.000000000000e+00
  0.000000000000e+00  1.000000000000e+00  0.000000000000e+00
  0.000000000000e+00  0.000000000000e+00  1.000000000000e+00
  0.000000000000e+00  0.000000000000e+00  0.000000000000e+00
Part: 1 (56)
  1.000000000000e+00  0.000000000000e+00  0.000000000000e+00
  0.000000000000e+00  1.000000000000e+00  0.000000000000e+00
  0.000000000000e+00  0.000000000000e+00  1.000000000000e+00
  1.000000000000e-20 -1.850000000000e+01  1.000000000000e-20
Part: 1 (61)
  1.000000000000e+00  0.000000000000e+00  0.000000000000e+00
  0.000000000000e+00  1.000000000000e+00  0.000000000000e+00
  0.000000000000e+00  0.000000000000e+00  1.000000000000e+00
  1.000000000000e-20  2.830000000000e+01  1.000000000000e-20
Part: 1 (66)
 -2.220446049250e-16 -1.000000000000e+00 -1.665334536938e-16
 -6.142695713715e-01  4.440892098501e-16 -7.890962512185e-01
  7.890962512185e-01 -1.665334536938e-16 -6.142695713715e-01
  2.165000000000e+01  4.220000000000e+01  2.000000000000e-22
Part: 1 (93)
  4.440892098501e-16 -1.000000000000e+00  0.000000000000e+00
  1.000000000000e+00  4.440892098501e-16  0.000000000000e+00
  0.000000000000e+00  0.000000000000e+00  1.000000000000e+00
 -2.165000000000e+01  4.220000000000e+01  1.000000000105e-20
Part: 1 (76)
  1.000000000000e+00  0.000000000000e+00  0.000000000000e+00
  0.000000000000e+00  1.000000000000e+00  0.000000000000e+00
  0.000000000000e+00  0.000000000000e+00  1.000000000000e+00
  2.165000000000e+01 -3.145000000000e+01  1.000000000000e-20
Part: 1 (95)
  1.000000000000e+00  0.000000000000e+00  0.000000000000e+00
  0.000000000000e+00  1.000000000000e+00  0.000000000000e+00
  0.000000000000e+00  0.000000000000e+00  1.000000000000e+00
 -2.165000000000e+01 -3.145000000000e+01  1.000000000000e-20
MaFrame 3
Part: 1 (47)
  1.000000000000e+00  0.000000000000e+00  0.000000000000e+00
  0.000000000000e+00  1.000000000000e+00  0.000000000000e+00
  0.000000000000e+00  0.000000000000e+00  1.000000000000e+00
  0.000000000000e+00  0.000000000000e+00  0.000000000000e+00
Part: 1 (56)
  1.000000000000e+00  0.000000000000e+00  0.000000000000e+00
  0.000000000000e+00  1.000000000000e+00  0.000000000000e+00
  0.000000000000e+00  0.000000000000e+00  1.000000000000e+00
  1.000000000000e-20 -1.850000000000e+01  1.000000000000e-20
Part: 1 (61)
  1.000000000000e+00  0.000000000000e+00  0.000000000000e+00
  0.000000000000e+00  1.000000000000e+00  0.000000000000e+00
  0.000000000000e+00  0.000000000000e+00  1.000000000000e+00
  1.000000000000e-20  2.820000000000e+01  1.000000000000e-20
Part: 1 (66)
 -2.220446049250e-16 -1.000000000000e+00 -1.665334536938e-16
 -5.994460341649e-01  2.220446049250e-16 -8.004151748461e-01
  8.004151748461e-01 -1.665334536938e-16 -5.994460341649e-01
  2.165000000000e+01  4.180000000000e+01  3.000000000000e-22
Part: 1 (93)
  4.440892098501e-16 -1.000000000000e+00  0.000000000000e+00
  1.000000000000e+00  4.440892098501e-16  0.000000000000e+00
  0.000000000000e+00  0.000000000000e+00  1.000000000000e+00
 -2.165000000000e+01  4.180000000000e+01  1.000000000104e-20
Part: 1 (76)
  1.000000000000e+00  0.000000000000e+00  0.000000000000e+00
  0.000000000000e+00  1.000000000000e+00  0.000000000000e+00
  0.000000000000e+00  0.000000000000e+00  1.000000000000e+00
  2.165000000000e+01 -3.135000000000e+01  1.000000000000e-20
Part: 1 (95)
  1.000000000000e+00  0.000000000000e+00  0.000000000000e+00
  0.000000000000e+00  1.000000000000e+00  0.000000000000e+00
  0.000000000000e+00  0.000000000000e+00  1.000000000000e+00
 -2.165000000000e+01 -3.135000000000e+01  1.000000000000e-20
MaFrame 4
Part: 1 (47)
  1.000000000000e+00  0.000000000000e+00  0.000000000000e+00
  0.000000000000e+00  1.000000000000e+00  0.000000000000e+00
  0.000000000000e+00  0.000000000000e+00  1.000000000000e+00
  0.000000000000e+00  0.000000000000e+00  0.000000000000e+00
Part: 1 (56)
  1.000000000000e+00  0.000000000000e+00  0.000000000000e+00
  0.000000000000e+00  1.000000000000e+00  0.000000000000e+00
  0.000000000000e+00  0.000000000000e+00  1.000000000000e+00
  1.000000000000e-20 -1.850000000000e+01  1.000000000000e-20
Part: 1 (61)
  1.000000000000e+00  0.000000000000e+00  0.000000000000e+00
  0.000000000000e+00  1.000000000000e+00  0.000000000000e+00
  0.000000000000e+00  0.000000000000e+00  1.000000000000e+00
  1.000000000000e-20  2.810000000000e+01  1.000000000000e-20
Part: 1 (66)
  0.000000000000e+00 -1.000000000000e+00  0.000000000000e+00
 -5.842430185562e-01  0.000000000000e+00 -8.115787671374e-01
  8.115787671374e-01  0.000000000000e+00 -5.842430185562e-01
  2.165000000000e+01  4.140000000000e+01  4.000000000000e-22
Part: 1 (93)
  4.440892098501e-16 -1.000000000000e+00  0.000000000000e+00
  1.000000000000e+00  4.440892098501e-16  0.000000000000e+00
  0.000000000000e+00  0.000000000000e+00  1.000000000000e+00
 -2.165000000000e+01  4.140000000000e+01  1.000000000102e-20
Part: 1 (76)
  1.000000000000e+00  0.000000000000e+00  0.000000000000e+00
  0.000000000000e+00  1.000000000000e+00  0.000000000000e+00
  0.000000000000e+00  0.000000000000e+00  1.000000000000e+00
  2.165000000000e+01 -3.125000000000e+01  1.000000000000e-20
Part: 1 (95)
  1.000000000000e+00  0.000000000000e+00  0.000000000000e+00
  0.000000000000e+00  1.000000000000e+00  0.000000000000e+00
  0.000000000000e+00  0.000000000000e+00  1.000000000000e+00
 -2.165000000000e+01 -3.125000000000e+01  1.000000000000e-20
MaFrame 5
Part: 1 (47)
  1.000000000000e+00  0.000000000000e+00  0.000000000000e+00
  0.000000000000e+00  1.000000000000e+00  0.000000000000e+00
  0.000000000000e+00  0.000000000000e+00  1.000000000000e+00
  0.000000000000e+00  0.000000000000e+00  0.000000000000e+00
Part: 1 (56)
  1.000000000000e+00  0.000000000000e+00  0.000000000000e+00
  0.000000000000e+00  1.000000000000e+00  0.000000000000e+00
  0.000000000000e+00  0.000000000000e+00  1.000000000000e+00
  1.000000000000e-20 -1.850000000000e+01  1.000000000000e-20
Part: 1 (61)
  1.000000000000e+00  0.000000000000e+00  0.000000000000e+00
  0.000000000000e+00  1.000000000000e+00  0.000000000000e+00
  0.000000000000e+00  0.000000000000e+00  1.000000000000e+00
  1.000000000000e-20  2.800000000000e+01  1.000000000000e-20
Part: 1 (66)
  0.000000000000e+00 -1.000000000000e+00  5.551115123126e-17
 -5.686587338587e-01 -2.220446049250e-16 -8.225735495420e-01
  8.225735495420e-01  5.551115123126e-17 -5.686587338587e-01
  2.165000000000e+01  4.100000000000e+01  5.000000000000e-22
Part: 1 (93)
  4.440892098501e-16 -1.000000000000e+00  0.000000000000e+00
  1.000000000000e+00  4.440892098501e-16  0.000000000000e+00
  0.000000000000e+00  0.000000000000e+00  1.000000000000e+00
 -2.165000000000e+01  4.100000000000e+01  1.000000000101e-20
Part: 1 (76)
  1.000000000000e+00  0.000000000000e+00  0.000000000000e+00
  0.000000000000e+00  1.000000000000e+00  0.000000000000e+00
  0.000000000000e+00  0.000000000000e+00  1.000000000000e+00
  2.165000000000e+01 -3.115000000000e+01  1.000000000000e-20
Part: 1 (95)
  1.000000000000e+00  0.000000000000e+00  0.000000000000e+00
  0.000000000000e+00  1.000000000000e+00  0.000000000000e+00
  0.000000000000e+00  0.000000000000e+00  1.000000000000e+00
 -2.165000000000e+01 -3.115000000000e+01  1.000000000000e-20
MaFrame 6
Part: 1 (47)
  1.000000000000e+00  0.000000000000e+00  0.000000000000e+00
  0.000000000000e+00  1.000000000000e+00  0.000000000000e+00
  0.000000000000e+00  0.000000000000e+00  1.000000000000e+00
  0.000000000000e+00  0.000000000000e+00  0.000000000000e+00
Part: 1 (56)
  1.000000000000e+00  0.000000000000e+00  0.000000000000e+00
  0.000000000000e+00  1.000000000000e+00  0.000000000000e+00
  0.000000000000e+00  0.000000000000e+00  1.000000000000e+00
  1.000000000000e-20 -1.850000000000e+01  1.000000000000e-20
Part: 1 (61)
  1.000000000000e+00  0.000000000000e+00  0.000000000000e+00
  0.000000000000e+00  1.000000000000e+00  0.000000000000e+00
  0.000000000000e+00  0.000000000000e+00  1.000000000000e+00
  1.000000000000e-20  2.790000000000e+01  1.000000000000e-20
Part: 1 (66)
  4.440892098501e-16 -1.000000000000e+00  1.665334536938e-16
 -5.526918731261e-01 -2.220446049250e-16 -8.333856810507e-01
  8.333856810507e-01  1.665334536938e-16 -5.526918731261e-01
  2.165000000000e+01  4.060000000000e+01  6.000000000000e-22
Part: 1 (93)
  4.440892098501e-16 -1.000000000000e+00  0.000000000000e+00
  1.000000000000e+00  4.440892098501e-16  0.000000000000e+00
  0.000000000000e+00  0.000000000000e+00  1.000000000000e+00
 -2.165000000000e+01  4.060000000000e+01  1.000000000100e-20
Part: 1 (76)
  1.000000000000e+00  0.000000000000e+00  0.000000000000e+00
  0.000000000000e+00  1.000000000000e+00  0.000000000000e+00
  0.000000000000e+00  0.000000000000e+00  1.000000000000e+00
  2.165000000000e+01 -3.105000000000e+01  1.000000000000e-20
Part: 1 (95)
  1.000000000000e+00  0.000000000000e+00  0.000000000000e+00
  0.000000000000e+00  1.000000000000e+00  0.000000000000e+00
  0.000000000000e+00  0.000000000000e+00  1.000000000000e+00
 -2.165000000000e+01 -3.105000000000e+01  1.000000000000e-20
MaFrame 7
Part: 1 (47)
  1.000000000000e+00  0.000000000000e+00  0.000000000000e+00
  0.000000000000e+00  1.000000000000e+00  0.000000000000e+00
  0.000000000000e+00  0.000000000000e+00  1.000000000000e+00
  0.000000000000e+00  0.000000000000e+00  0.000000000000e+00
Part: 1 (56)
  1.000000000000e+00  0.000000000000e+00  0.000000000000e+00
  0.000000000000e+00  1.000000000000e+00  0.000000000000e+00
  0.000000000000e+00  0.000000000000e+00  1.000000000000e+00
  1.000000000000e-20 -1.850000000000e+01  1.000000000000e-20
Part: 1 (61)
  1.000000000000e+00  0.000000000000e+00  0.000000000000e+00
  0.000000000000e+00  1.000000000000e+00  0.000000000000e+00
  0.000000000000e+00  0.000000000000e+00  1.000000000000e+00
  1.000000000000e-20  2.780000000000e+01  1.000000000000e-20
Part: 1 (66)
  0.000000000000e+00 -1.000000000000e+00  5.551115123126e-17
 -5.363416438985e-01 -1.110223024625e-16 -8.440009721678e-01
  8.440009721678e-01  5.551115123126e-17 -5.363416438985e-01
  2.165000000000e+01  4.020000000000e+01  7.000000000000e-22
Part: 1 (93)
  4.440892098501e-16 -1.000000000000e+00  0.000000000000e+00
  1.000000000000e+00  4.440892098501e-16  0.000000000000e+00
  0.000000000000e+00  0.000000000000e+00  1.000000000000e+00
 -2.165000000000e+01  4.020000000000e+01  1.000000000099e-20
Part: 1 (76)
  1.000000000000e+00  0.000000000000e+00  0.000000000000e+00
  0.000000000000e+00  1.000000000000e+00  0.000000000000e+00
  0.000000000000e+00  0.000000000000e+00  1.000000000000e+00
  2.165000000000e+01 -3.095000000000e+01  1.000000000000e-20
Part: 1 (95)
  1.000000000000e+00  0.000000000000e+00  0.000000000000e+00
  0.000000000000e+00  1.000000000000e+00  0.000000000000e+00
  0.000000000000e+00  0.000000000000e+00  1.000000000000e+00
 -2.165000000000e+01 -3.095000000000e+01  1.000000000000e-20
MaFrame 8
Part: 1 (47)
  1.000000000000e+00  0.000000000000e+00  0.000000000000e+00
  0.000000000000e+00  1.000000000000e+00  0.000000000000e+00
  0.000000000000e+00  0.000000000000e+00  1.000000000000e+00
  0.000000000000e+00  0.000000000000e+00  0.000000000000e+00
Part: 1 (56)
  1.000000000000e+00  0.000000000000e+00  0.000000000000e+00
  0.000000000000e+00  1.000000000000e+00  0.000000000000e+00
  0.000000000000e+00  0.000000000000e+00  1.000000000000e+00
  1.000000000000e-20 -1.850000000000e+01  1.000000000000e-20
Part: 1 (61)
  1.000000000000e+00  0.000000000000e+00  0.000000000000e+00
  0.000000000000e+00  1.000000000000e+00  0.000000000000e+00
  0.000000000000e+00  0.000000000000e+00  1.000000000000e+00
  1.000000000000e-20  2.770000000000e+01  1.000000000000e-20
Part: 1 (66)
  2.220446049250e-16 -1.000000000000e+00  1.665334536938e-16
 -5.196077990969e-01 -2.220446049250e-16 -8.544049011550e-01
  8.544049011550e-01  1.665334536938e-16 -5.196077990969e-01
  2.165000000000e+01  3.980000000000e+01  8.000000000000e-22
Part: 1 (93)
  4.440892098501e-16 -1.000000000000e+00  0.000000000000e+00
  1.000000000000e+00  4.440892098501e-16  0.000000000000e+00
  0.000000000000e+00  0.000000000000e+00  1.000000000000e+00
 -2.165000000000e+01  3.980000000000e+01  1.000000000098e-20
Part: 1 (76)
  1.000000000000e+00  0.000000000000e+00  0.000000000000e+00
  0.000000000000e+00  1.000000000000e+00  0.000000000000e+00
  0.000000000000e+00  0.000000000000e+00  1.000000000000e+00
  2.165000000000e+01 -3.085000000000e+01  1.000000000000e-20
Part: 1 (95)
  1.000000000000e+00  0.000000000000e+00  0.000000000000e+00
  0.000000000000e+00  1.000000000000e+00  0.000000000000e+00
  0.000000000000e+00  0.000000000000e+00  1.000000000000e+00
 -2.165000000000e+01 -3.085000000000e+01  1.000000000000e-20
MaFrame 9
Part: 1 (47)
  1.000000000000e+00  0.000000000000e+00  0.000000000000e+00
  0.000000000000e+00  1.000000000000e+00  0.000000000000e+00
  0.000000000000e+00  0.000000000000e+00  1.000000000000e+00
  0.000000000000e+00  0.000000000000e+00  0.000000000000e+00
Part: 1 (56)
  1.000000000000e+00  0.000000000000e+00  0.000000000000e+00
  0.000000000000e+00  1.000000000000e+00  0.000000000000e+00
  0.000000000000e+00  0.000000000000e+00  1.000000000000e+00
  1.000000000000e-20 -1.850000000000e+01  1.000000000000e-20
Part: 1 (61)
  1.000000000000e+00  0.000000000000e+00  0.000000000000e+00
  0.000000000000e+00  1.000000000000e+00  0.000000000000e+00
  0.000000000000e+00  0.000000000000e+00  1.000000000000e+00
  1.000000000000e-20  2.760000000000e+01  1.000000000000e-20
Part: 1 (66)
 -2.220446049250e-16 -1.000000000000e+00 -1.665334536938e-16
 -5.024906679099e-01  4.440892098501e-16 -8.645826326404e-01
  8.645826326404e-01 -1.665334536938e-16 -5.024906679099e-01
  2.165000000000e+01  3.940000000000e+01  9.000000000000e-22
Part: 1 (93)
  4.440892098501e-16 -1.000000000000e+00  0.000000000000e+00
  1.000000000000e+00  4.440892098501e-16  0.000000000000e+00
  0.000000000000e+00  0.000000000000e+00  1.000000000000e+00
 -2.165000000000e+01  3.940000000000e+01  1.000000000097e-20
Part: 1 (76)
  1.000000000000e+00  0.000000000000e+00  0.000000000000e+00
  0.000000000000e+00  1.000000000000e+00  0.000000000000e+00
  0.000000000000e+00  0.000000000000e+00  1.000000000000e+00
  2.165000000000e+01 -3.075000000000e+01  1.000000000000e-20
Part: 1 (95)
  1.000000000000e+00  0.000000000000e+00  0.000000000000e+00
  0.000000000000e+00  1.000000000000e+00  0.000000000000e+00
  0.000000000000e+00  0.000000000000e+00  1.000000000000e+00
 -2.165000000000e+01 -3.075000000000e+01  1.000000000000e-20
MaFrame 10
Part: 1 (47)
  1.000000000000e+00  0.000000000000e+00  0.000000000000e+00
  0.000000000000e+00  1.000000000000e+00  0.000000000000e+00
  0.000000000000e+00  0.000000000000e+00  1.000000000000e+00
  0.000000000000e+00  0.000000000000e+00  0.000000000000e+00
Part: 1 (56)
  1.000000000000e+00  0.000000000000e+00  0.000000000000e+00
  0.000000000000e+00  1.000000000000e+00  0.000000000000e+00
  0.000000000000e+00  0.000000000000e+00  1.000000000000e+00
  1.000000000000e-20 -1.850000000000e+01  1.000000000000e-20
Part: 1 (61)
  1.000000000000e+00  0.000000000000e+00  0.000000000000e+00
  0.000000000000e+00  1.000000000000e+00  0.000000000000e+00
  0.000000000000e+00  0.000000000000e+00  1.000000000000e+00
  1.000000000000e-20  2.750000000000e+01  1.000000000000e-20
Part: 1 (66)
  0.000000000000e+00 -1.000000000000e+00  0.000000000000e+00
 -4.849911865079e-01  0.000000000000e+00 -8.745190386776e-01
  8.745190386776e-01  0.000000000000e+00 -4.849911865079e-01
  2.165000000000e+01  3.900000000000e+01  1.000000000000e-21
Part: 1 (93)
  4.440892098501e-16 -1.000000000000e+00  0.000000000000e+00
  1.000000000000e+00  4.440892098501e-16  0.000000000000e+00
  0.000000000000e+00  0.000000000000e+00  1.000000000000e+00
 -2.165000000000e+01  3.900000000000e+01  1.000000000096e-20
Part: 1 (76)
  1.000000000000e+00  0.000000000000e+00  0.000000000000e+00
  0.000000000000e+00  1.000000000000e+00  0.000000000000e+00
  0.000000000000e+00  0.000000000000e+00  1.000000000000e+00
  2.165000000000e+01 -3.065000000000e+01  1.000000000000e-20
Part: 1 (95)
  1.000000000000e+00  0.000000000000e+00  0.000000000000e+00
  0.000000000000e+00  1.000000000000e+00  0.000000000000e+00
  0.000000000000e+00  0.000000000000e+00  1.000000000000e+00
 -2.165000000000e+01 -3.065000000000e+01  1.000000000000e-20
MaFrame 11
Part: 1 (47)
  1.000000000000e+00  0.000000000000e+00  0.000000000000e+00
  0.000000000000e+00  1.000000000000e+00  0.000000000000e+00
  0.000000000000e+00  0.000000000000e+00  1.000000000000e+00
  0.000000000000e+00  0.000000000000e+00  0.000000000000e+00
Part: 1 (56)
  1.000000000000e+00  0.000000000000e+00  0.000000000000e+00
  0.000000000000e+00  1.000000000000e+00  0.000000000000e+00
  0.000000000000e+00  0.000000000000e+00  1.000000000000e+00
  1.000000000000e-20 -1.850000000000e+01  1.000000000000e-20
Part: 1 (61)
  1.000000000000e+00  0.000000000000e+00  0.000000000000e+00
  0.000000000000e+00  1.000000000000e+00  0.000000000000e+00
  0.000000000000e+00  0.000000000000e+00  1.000000000000e+00
  1.000000000000e-20  2.740000000000e+01  1.000000000000e-20
Part: 1 (66)
  2.220446049250e-16 -1.000000000000e+00  1.665334536938e-16
 -4.671109284007e-01 -2.220446049250e-16 -8.841987223292e-01
  8.841987223292e-01  1.665334536938e-16 -4.671109284007e-01
  2.165000000000e+01  3.860000000000e+01  1.100000000000e-21
Part: 1 (93)
  4.440892098501e-16 -1.000000000000e+00  0.000000000000e+00
  1.000000000000e+00  4.440892098501e-16  0.000000000000e+00
  0.000000000000e+00  0.000000000000e+00  1.000000000000e+00
 -2.165000000000e+01  3.860000000000e+01  1.000000000095e-20
Part: 1 (76)
  1.000000000000e+00  0.000000000000e+00  0.000000000000e+00
  0.000000000000e+00  1.000000000000e+00  0.000000000000e+00
  0.000000000000e+00  0.000000000000e+00  1.000000000000e+00
  2.165000000000e+01 -3.055000000000e+01  1.000000000000e-20
Part: 1 (95)
  1.000000000000e+00  0.000000000000e+00  0.000000000000e+00
  0.000000000000e+00  1.000000000000e+00  0.000000000000e+00
  0.000000000000e+00  0.000000000000e+00  1.000000000000e+00
 -2.165000000000e+01 -3.055000000000e+01  1.000000000000e-20
MaFrame 12
Part: 1 (47)
  1.000000000000e+00  0.000000000000e+00  0.000000000000e+00
  0.000000000000e+00  1.000000000000e+00  0.000000000000e+00
  0.000000000000e+00  0.000000000000e+00  1.000000000000e+00
  0.000000000000e+00  0.000000000000e+00  0.000000000000e+00
Part: 1 (56)
  1.000000000000e+00  0.000000000000e+00  0.000000000000e+00
  0.000000000000e+00  1.000000000000e+00  0.000000000000e+00
  0.000000000000e+00  0.000000000000e+00  1.000000000000e+00
  1.000000000000e-20 -1.850000000000e+01  1.000000000000e-20
Part: 1 (61)
  1.000000000000e+00  0.000000000000e+00  0.000000000000e+00
  0.000000000000e+00  1.000000000000e+00  0.000000000000e+00
  0.000000000000e+00  0.000000000000e+00  1.000000000000e+00
  1.000000000000e-20  2.730000000000e+01  1.000000000000e-20
Part: 1 (66)
 -4.440892098501e-16 -1.000000000000e+00 -2.775557561563e-16
 -4.488521342456e-01  4.440892098501e-16 -8.936060438377e-01
  8.936060438377e-01 -2.775557561563e-16 -4.488521342456e-01
  2.165000000000e+01  3.820000000000e+01  1.200000000000e-21
Part: 1 (93)
  4.440892098501e-16 -1.000000000000e+00  0.000000000000e+00
  1.000000000000e+00  4.440892098501e-16  0.000000000000e+00
  0.000000000000e+00  0.000000000000e+00  1.000000000000e+00
 -2.165000000000e+01  3.820000000000e+01  1.000000000094e-20
Part: 1 (76)
  1.000000000000e+00  0.000000000000e+00  0.000000000000e+00
  0.000000000000e+00  1.000000000000e+00  0.000000000000e+00
  0.000000000000e+00  0.000000000000e+00  1.000000000000e+00
  2.165000000000e+01 -3.045000000000e+01  1.000000000000e-20
Part: 1 (95)
  1.000000000000e+00  0.000000000000e+00  0.000000000000e+00
  0.000000000000e+00  1.000000000000e+00  0.000000000000e+00
  0.000000000000e+00  0.000000000000e+00  1.000000000000e+00
 -2.165000000000e+01 -3.045000000000e+01  1.000000000000e-20
MaFrame 13
Part: 1 (47)
  1.000000000000e+00  0.000000000000e+00  0.000000000000e+00
  0.000000000000e+00  1.000000000000e+00  0.000000000000e+00
  0.000000000000e+00  0.000000000000e+00  1.000000000000e+00
  0.000000000000e+00  0.000000000000e+00  0.000000000000e+00
Part: 1 (56)
  1.000000000000e+00  0.000000000000e+00  0.000000000000e+00
  0.000000000000e+00  1.000000000000e+00  0.000000000000e+00
  0.000000000000e+00  0.000000000000e+00  1.000000000000e+00
  1.000000000000e-20 -1.850000000000e+01  1.000000000000e-20
Part: 1 (61)
  1.000000000000e+00  0.000000000000e+00  0.000000000000e+00
  0.000000000000e+00  1.000000000000e+00  0.000000000000e+00
  0.000000000000e+00  0.000000000000e+00  1.000000000000e+00
  1.000000000000e-20  2.720000000000e+01  1.000000000000e-20
Part: 1 (66)
  0.000000000000e+00 -1.000000000000e+00 -1.665334536938e-16
 -4.302177408970e-01  4.440892098501e-16 -9.027251494322e-01
  9.027251494322e-01 -1.665334536938e-16 -4.302177408970e-01
  2.165000000000e+01  3.780000000000e+01  1.300000000000e-21
Part: 1 (93)
  4.440892098501e-16 -1.000000000000e+00  0.000000000000e+00
  1.000000000000e+00  4.440892098501e-16  0.000000000000e+00
  0.000000000000e+00  0.000000000000e+00  1.000000000000e+00
 -2.165000000000e+01  3.780000000000e+01  1.000000000093e-20
Part: 1 (76)
  1.000000000000e+00  0.000000000000e+00  0.000000000000e+00
  0.000000000000e+00  1.000000000000e+00  0.000000000000e+00
  0.000000000000e+00  0.000000000000e+00  1.000000000000e+00
  2.165000000000e+01 -3.035000000000e+01  1.000000000000e-20
Part: 1 (95)
  1.000000000000e+00  0.000000000000e+00  0.000000000000e+00
  0.000000000000e+00  1.000000000000e+00  0.000000000000e+00
  0.000000000000e+00  0.000000000000e+00  1.000000000000e+00
 -2.165000000000e+01 -3.035000000000e+01  1.000000000000e-20
MaFrame 14
Part: 1 (47)
  1.000000000000e+00  0.000000000000e+00  0.000000000000e+00
  0.000000000000e+00  1.000000000000e+00  0.000000000000e+00
  0.000000000000e+00  0.000000000000e+00  1.000000000000e+00
  0.000000000000e+00  0.000000000000e+00  0.000000000000e+00
Part: 1 (56)
  1.000000000000e+00  0.000000000000e+00  0.000000000000e+00
  0.000000000000e+00  1.000000000000e+00  0.000000000000e+00
  0.000000000000e+00  0.000000000000e+00  1.000000000000e+00
  1.000000000000e-20 -1.850000000000e+01  1.000000000000e-20
Part: 1 (61)
  1.000000000000e+00  0.000000000000e+00  0.000000000000e+00
  0.000000000000e+00  1.000000000000e+00  0.000000000000e+00
  0.000000000000e+00  0.000000000000e+00  1.000000000000e+00
  1.000000000000e-20  2.710000000000e+01  1.000000000000e-20
Part: 1 (66)
  0.000000000000e+00 -1.000000000000e+00 -1.665334536938e-16
 -4.112114094790e-01  4.440892098501e-16 -9.115400028053e-01
  9.115400028053e-01 -1.665334536938e-16 -4.112114094790e-01
  2.165000000000e+01  3.740000000000e+01  1.400000000000e-21
Part: 1 (93)
  4.440892098501e-16 -1.000000000000e+00  0.000000000000e+00
  1.000000000000e+00  4.440892098501e-16  0.000000000000e+00
  0.000000000000e+00  0.000000000000e+00  1.000000000000e+00
 -2.165000000000e+01  3.740000000000e+01  1.000000000092e-20
Part: 1 (76)
  1.000000000000e+00  0.000000000000e+00  0.000000000000e+00
  0.000000000000e+00  1.000000000000e+00  0.000000000000e+00
  0.000000000000e+00  0.000000000000e+00  1.000000000000e+00
  2.165000000000e+01 -3.025000000000e+01  1.000000000000e-20
Part: 1 (95)
  1.000000000000e+00  0.000000000000e+00  0.000000000000e+00
  0.000000000000e+00  1.000000000000e+00  0.000000000000e+00
  0.000000000000e+00  0.000000000000e+00  1.000000000000e+00
 -2.165000000000e+01 -3.025000000000e+01  1.000000000000e-20
MaFrame 15
Part: 1 (47)
  1.000000000000e+00  0.000000000000e+00  0.000000000000e+00
  0.000000000000e+00  1.000000000000e+00  0.000000000000e+00
  0.000000000000e+00  0.000000000000e+00  1.000000000000e+00
  0.000000000000e+00  0.000000000000e+00  0.000000000000e+00
Part: 1 (56)
  1.000000000000e+00  0.000000000000e+00  0.000000000000e+00
  0.000000000000e+00  1.000000000000e+00  0.000000000000e+00
  0.000000000000e+00  0.000000000000e+00  1.000000000000e+00
  1.000000000000e-20 -1.850000000000e+01  1.000000000000e-20
Part: 1 (61)
  1.000000000000e+00  0.000000000000e+00  0.000000000000e+00
  0.000000000000e+00  1.000000000000e+00  0.000000000000e+00
  0.000000000000e+00  0.000000000000e+00  1.000000000000e+00
  1.000000000000e-20  2.700000000000e+01  1.000000000000e-20
Part: 1 (66)
  4.440892098501e-16 -1.000000000000e+00 -5.551115123126e-17
 -3.918375522478e-01  4.440892098501e-16 -9.200344192738e-01
  9.200344192738e-01 -5.551115123126e-17 -3.918375522478e-01
  2.165000000000e+01  3.700000000000e+01  1.500000000000e-21
Part: 1 (93)
  4.440892098501e-16 -1.000000000000e+00  0.000000000000e+00
  1.000000000000e+00  4.440892098501e-16  0.000000000000e+00
  0.000000000000e+00  0.000000000000e+00  1.000000000000e+00
 -2.165000000000e+01  3.700000000000e+01  1.000000000091e-20
Part: 1 (76)
  1.000000000000e+00  0.000000000000e+00  0.000000000000e+00
  0.000000000000e+00  1.000000000000e+00  0.000000000000e+00
  0.000000000000e+00  0.000000000000e+00  1.000000000000e+00
  2.165000000000e+01 -3.015000000000e+01  1.000000000000e-20
Part: 1 (95)
  1.000000000000e+00  0.000000000000e+00  0.000000000000e+00
  0.000000000000e+00  1.000000000000e+00  0.000000000000e+00
  0.000000000000e+00  0.000000000000e+00  1.000000000000e+00
 -2.165000000000e+01 -3.015000000000e+01  1.000000000000e-20
MaFrame 16
Part: 1 (47)
  1.000000000000e+00  0.000000000000e+00  0.000000000000e+00
  0.000000000000e+00  1.000000000000e+00  0.000000000000e+00
  0.000000000000e+00  0.000000000000e+00  1.000000000000e+00
  0.000000000000e+00  0.000000000000e+00  0.000000000000e+00
Part: 1 (56)
  1.000000000000e+00  0.000000000000e+00  0.000000000000e+00
  0.000000000000e+00  1.000000000000e+00  0.000000000000e+00
  0.000000000000e+00  0.000000000000e+00  1.000000000000e+00
  1.000000000000e-20 -1.850000000000e+01  1.000000000000e-20
Part: 1 (61)
  1.000000000000e+00  0.000000000000e+00  0.000000000000e+00
  0.000000000000e+00  1.000000000000e+00  0.000000000000e+00
  0.000000000000e+00  0.000000000000e+00  1.000000000000e+00
  1.000000000000e-20  2.690000000000e+01  1.000000000000e-20
Part: 1 (66)
  4.440892098501e-16 -1.000000000000e+00  2.220446049250e-16
 -3.721013580056e-01 -2.220446049250e-16 -9.281921026223e-01
  9.281921026223e-01  2.220446049250e-16 -3.721013580056e-01
  2.165000000000e+01  3.660000000000e+01  1.600000000000e-21
Part: 1 (93)
  4.440892098501e-16 -1.000000000000e+00  0.000000000000e+00
  1.000000000000e+00  4.440892098501e-16  0.000000000000e+00
  0.000000000000e+00  0.000000000000e+00  1.000000000000e+00
 -2.165000000000e+01  3.660000000000e+01  1.000000000090e-20
Part: 1 (76)
  1.000000000000e+00  0.000000000000e+00  0.000000000000e+00
  0.000000000000e+00  1.000000000000e+00  0.000000000000e+00
  0.000000000000e+00  0.000000000000e+00  1.000000000000e+00
  2.165000000000e+01 -3.005000000000e+01  1.000000000000e-20
Part: 1 (95)
  1.000000000000e+00  0.000000000000e+00  0.000000000000e+00
  0.000000000000e+00  1.000000000000e+00  0.000000000000e+00
  0.000000000000e+00  0.000000000000e+00  1.000000000000e+00
 -2.165000000000e+01 -3.005000000000e+01  1.000000000000e-20
MaFrame 17
Part: 1 (47)
  1.000000000000e+00  0.000000000000e+00  0.000000000000e+00
  0.000000000000e+00  1.000000000000e+00  0.000000000000e+00
  0.000000000000e+00  0.000000000000e+00  1.000000000000e+00
  0.000000000000e+00  0.000000000000e+00  0.000000000000e+00
Part: 1 (56)
  1.000000000000e+00  0.000000000000e+00  0.000000000000e+00
  0.000000000000e+00  1.000000000000e+00  0.000000000000e+00
  0.000000000000e+00  0.000000000000e+00  1.000000000000e+00
  1.000000000000e-20 -1.850000000000e+01  1.000000000000e-20
Part: 1 (61)
  1.000000000000e+00  0.000000000000e+00  0.000000000000e+00
  0.000000000000e+00  1.000000000000e+00  0.000000000000e+00
  0.000000000000e+00  0.000000000000e+00  1.000000000000e+00
  1.000000000000e-20  2.680000000000e+01  1.000000000000e-20
Part: 1 (66)
  2.220446049250e-16 -1.000000000000e+00  5.551115123126e-17
 -3.520088158142e-01  0.000000000000e+00 -9.359966846037e-01
  9.359966846037e-01  5.551115123126e-17 -3.520088158142e-01
  2.165000000000e+01  3.620000000000e+01  1.700000000000e-21
Part: 1 (93)
  4.440892098501e-16 -1.000000000000e+00  0.000000000000e+00
  1.000000000000e+00  4.440892098501e-16  0.000000000000e+00
  0.000000000000e+00  0.000000000000e+00  1.000000000000e+00
 -2.165000000000e+01  3.620000000000e+01  1.000000000089e-20
Part: 1 (76)
  1.000000000000e+00  0.000000000000e+00  0.000000000000e+00
  0.000000000000e+00  1.000000000000e+00  0.000000000000e+00
  0.000000000000e+00  0.000000000000e+00  1.000000000000e+00
  2.165000000000e+01 -2.995000000000e+01  1.000000000000e-20
Part: 1 (95)
  1.000000000000e+00  0.000000000000e+00  0.000000000000e+00
  0.000000000000e+00  1.000000000000e+00  0.000000000000e+00
  0.000000000000e+00  0.000000000000e+00  1.000000000000e+00
 -2.165000000000e+01 -2.995000000000e+01  1.000000000000e-20
MaFrame 18
Part: 1 (47)
  1.000000000000e+00  0.000000000000e+00  0.000000000000e+00
  0.000000000000e+00  1.000000000000e+00  0.000000000000e+00
  0.000000000000e+00  0.000000000000e+00  1.000000000000e+00
  0.000000000000e+00  0.000000000000e+00  0.000000000000e+00
Part: 1 (56)
  1.000000000000e+00  0.000000000000e+00  0.000000000000e+00
  0.000000000000e+00  1.000000000000e+00  0.000000000000e+00
  0.000000000000e+00  0.000000000000e+00  1.000000000000e+00
  1.000000000000e-20 -1.850000000000e+01  1.000000000000e-20
Part: 1 (61)
  1.000000000000e+00  0.000000000000e+00  0.000000000000e+00
  0.000000000000e+00  1.000000000000e+00  0.000000000000e+00
  0.000000000000e+00  0.000000000000e+00  1.000000000000e+00
  1.000000000000e-20  2.670000000000e+01  1.000000000000e-20
Part: 1 (66)
 -2.220446049250e-16 -1.000000000000e+00 -2.220446049250e-16
 -3.315667367538e-01  4.440892098501e-16 -9.434317670496e-01
  9.434317670496e-01 -2.220446049250e-16 -3.315667367538e-01
  2.165000000000e+01  3.580000000000e+01  1.800000000000e-21
Part: 1 (93)
  4.440892098501e-16 -1.000000000000e+00  0.000000000000e+00
  1.000000000000e+00  4.440892098501e-16  0.000000000000e+00
  0.000000000000e+00  0.000000000000e+00  1.000000000000e+00
 -2.165000000000e+01  3.580000000000e+01  1.000000000088e-20
Part: 1 (76)
  1.000000000000e+00  0.000000000000e+00  0.000000000000e+00
  0.000000000000e+00  1.000000000000e+00  0.000000000000e+00
  0.000000000000e+00  0.000000000000e+00  1.000000000000e+00
  2.165000000000e+01 -2.985000000000e+01  1.000000000000e-20
Part: 1 (95)
  1.000000000000e+00  0.000000000000e+00  0.000000000000e+00
  0.000000000000e+00  1.000000000000e+00  0.000000000000e+00
  0.000000000000e+00  0.000000000000e+00  1.000000000000e+00
 -2.165000000000e+01 -2.985000000000e+01  1.000000000000e-20
MaFrame 19
Part: 1 (47)
  1.000000000000e+00  0.000000000000e+00  0.000000000000e+00
  0.000000000000e+00  1.000000000000e+00  0.000000000000e+00
  0.000000000000e+00  0.000000000000e+00  1.000000000000e+00
  0.000000000000e+00  0.000000000000e+00  0.000000000000e+00
Part: 1 (56)
  1.000000000000e+00  0.000000000000e+00  0.000000000000e+00
  0.000000000000e+00  1.000000000000e+00  0.000000000000e+00
  0.000000000000e+00  0.000000000000e+00  1.000000000000e+00
  1.000000000000e-20 -1.850000000000e+01  1.000000000000e-20
Part: 1 (61)
  1.000000000000e+00  0.000000000000e+00  0.000000000000e+00
  0.000000000000e+00  1.000000000000e+00  0.000000000000e+00
  0.000000000000e+00  0.000000000000e+00  1.000000000000e+00
  1.000000000000e-20  2.660000000000e+01  1.000000000000e-20
Part: 1 (66)
  0.000000000000e+00 -1.000000000000e+00  0.000000000000e+00
 -3.107827734649e-01  0.000000000000e+00 -9.504809665203e-01
  9.504809665203e-01  0.000000000000e+00 -3.107827734649e-01
  2.165000000000e+01  3.540000000000e+01  1.900000000000e-21
Part: 1 (93)
  4.440892098501e-16 -1.000000000000e+00  0.000000000000e+00
  1.000000000000e+00  4.440892098501e-16  0.000000000000e+00
  0.000000000000e+00  0.000000000000e+00  1.000000000000e+00
 -2.165000000000e+01  3.540000000000e+01  1.000000000086e-20
Part: 1 (76)
  1.000000000000e+00  0.000000000000e+00  0.000000000000e+00
  0.000000000000e+00  1.000000000000e+00  0.000000000000e+00
  0.000000000000e+00  0.000000000000e+00  1.000000000000e+00
  2.165000000000e+01 -2.975000000000e+01  1.000000000000e-20
Part: 1 (95)
  1.000000000000e+00  0.000000000000e+00  0.000000000000e+00
  0.000000000000e+00  1.000000000000e+00  0.000000000000e+00
  0.000000000000e+00  0.000000000000e+00  1.000000000000e+00
 -2.165000000000e+01 -2.975000000000e+01  1.000000000000e-20
MaFrame 20
Part: 1 (47)
  1.000000000000e+00  0.000000000000e+00  0.000000000000e+00
  0.000000000000e+00  1.000000000000e+00  0.000000000000e+00
  0.000000000000e+00  0.000000000000e+00  1.000000000000e+00
  0.000000000000e+00  0.000000000000e+00  0.000000000000e+00
Part: 1 (56)
  1.000000000000e+00  0.000000000000e+00  0.000000000000e+00
  0.000000000000e+00  1.000000000000e+00  0.000000000000e+00
  0.000000000000e+00  0.000000000000e+00  1.000000000000e+00
  1.000000000000e-20 -1.850000000000e+01  1.000000000000e-20
Part: 1 (61)
  1.000000000000e+00  0.000000000000e+00  0.000000000000e+00
  0.000000000000e+00  1.000000000000e+00  0.000000000000e+00
  0.000000000000e+00  0.000000000000e+00  1.000000000000e+00
  1.000000000000e-20  2.650000000000e+01  1.000000000000e-20
Part: 1 (66)
  4.440892098501e-16 -1.000000000000e+00  1.665334536938e-16
 -2.896654372104e-01 -1.110223024625e-16 -9.571279613958e-01
  9.571279613958e-01  1.665334536938e-16 -2.896654372104e-01
  2.165000000000e+01  3.500000000000e+01  2.000000000000e-21
Part: 1 (93)
  4.440892098501e-16 -1.000000000000e+00  0.000000000000e+00
  1.000000000000e+00  4.440892098501e-16  0.000000000000e+00
  0.000000000000e+00  0.000000000000e+00  1.000000000000e+00
 -2.165000000000e+01  3.500000000000e+01  1.000000000085e-20
Part: 1 (76)
  1.000000000000e+00  0.000000000000e+00  0.000000000000e+00
  0.000000000000e+00  1.000000000000e+00  0.000000000000e+00
  0.000000000000e+00  0.000000000000e+00  1.000000000000e+00
  2.165000000000e+01 -2.965000000000e+01  1.000000000000e-20
Part: 1 (95)
  1.000000000000e+00  0.000000000000e+00  0.000000000000e+00
  0.000000000000e+00  1.000000000000e+00  0.000000000000e+00
  0.000000000000e+00  0.000000000000e+00  1.000000000000e+00
 -2.165000000000e+01 -2.965000000000e+01  1.000000000000e-20
MaFrame 21
Part: 1 (47)
  1.000000000000e+00  0.000000000000e+00  0.000000000000e+00
  0.000000000000e+00  1.000000000000e+00  0.000000000000e+00
  0.000000000000e+00  0.000000000000e+00  1.000000000000e+00
  0.000000000000e+00  0.000000000000e+00  0.000000000000e+00
Part: 1 (56)
  1.000000000000e+00  0.000000000000e+00  0.000000000000e+00
  0.000000000000e+00  1.000000000000e+00  0.000000000000e+00
  0.000000000000e+00  0.000000000000e+00  1.000000000000e+00
  1.000000000000e-20 -1.850000000000e+01  1.000000000000e-20
Part: 1 (61)
  1.000000000000e+00  0.000000000000e+00  0.000000000000e+00
  0.000000000000e+00  1.000000000000e+00  0.000000000000e+00
  0.000000000000e+00  0.000000000000e+00  1.000000000000e+00
  1.000000000000e-20  2.640000000000e+01  1.000000000000e-20
Part: 1 (66)
  4.440892098501e-16 -1.000000000000e+00  2.775557561563e-16
 -2.682241121940e-01 -4.440892098501e-16 -9.633565412856e-01
  9.633565412856e-01  2.775557561563e-16 -2.682241121940e-01
  2.165000000000e+01  3.460000000000e+01  2.100000000000e-21
Part: 1 (93)
  4.440892098501e-16 -1.000000000000e+00  0.000000000000e+00
  1.000000000000e+00  4.440892098501e-16  0.000000000000e+00
  0.000000000000e+00  0.000000000000e+00  1.000000000000e+00
 -2.165000000000e+01  3.460000000000e+01  1.000000000084e-20
Part: 1 (76)
  1.000000000000e+00  0.000000000000e+00  0.000000000000e+00
  0.000000000000e+00  1.000000000000e+00  0.000000000000e+00
  0.000000000000e+00  0.000000000000e+00  1.000000000000e+00
  2.165000000000e+01 -2.955000000000e+01  1.000000000000e-20
Part: 1 (95)
  1.000000000000e+00  0.000000000000e+00  0.000000000000e+00
  0.000000000000e+00  1.000000000000e+00  0.000000000000e+00
  0.000000000000e+00  0.000000000000e+00  1.000000000000e+00
 -2.165000000000e+01 -2.955000000000e+01  1.000000000000e-20
MaFrame 22
Part: 1 (47)
